(kicad_pcb (version 20171130) (host pcbnew "(6.0.0-rc1-dev-522-gdd228b60a)")

  (general
    (thickness 1.6)
    (drawings 28)
    (tracks 1111)
    (zones 0)
    (modules 111)
    (nets 62)
  )

  (page A4)
  (layers
    (0 F.Cu signal)
    (31 B.Cu signal)
    (32 B.Adhes user)
    (33 F.Adhes user)
    (34 B.Paste user)
    (35 F.Paste user)
    (36 B.SilkS user)
    (37 F.SilkS user)
    (38 B.Mask user)
    (39 F.Mask user)
    (40 Dwgs.User user)
    (41 Cmts.User user)
    (42 Eco1.User user)
    (43 Eco2.User user)
    (44 Edge.Cuts user)
    (45 Margin user)
    (46 B.CrtYd user)
    (47 F.CrtYd user)
    (48 B.Fab user hide)
    (49 F.Fab user hide)
  )

  (setup
    (last_trace_width 0.25)
    (user_trace_width 0.25)
    (user_trace_width 0.5)
    (user_trace_width 0.75)
    (user_trace_width 1)
    (user_trace_width 1.25)
    (user_trace_width 1.5)
    (user_trace_width 2)
    (user_trace_width 3)
    (trace_clearance 0.2)
    (zone_clearance 0.508)
    (zone_45_only no)
    (trace_min 0.2)
    (via_size 0.8)
    (via_drill 0.4)
    (via_min_size 0.4)
    (via_min_drill 0.3)
    (user_via 1.2 0.6)
    (user_via 1.6 0.8)
    (uvia_size 0.3)
    (uvia_drill 0.1)
    (uvias_allowed no)
    (uvia_min_size 0.2)
    (uvia_min_drill 0.1)
    (edge_width 0.05)
    (segment_width 0.2)
    (pcb_text_width 0.3)
    (pcb_text_size 1.5 1.5)
    (mod_edge_width 0.12)
    (mod_text_size 1 1)
    (mod_text_width 0.15)
    (pad_size 1.7 1.7)
    (pad_drill 1)
    (pad_to_mask_clearance 0.2)
    (solder_mask_min_width 0.25)
    (aux_axis_origin 0 0)
    (visible_elements 7FFFFFFF)
    (pcbplotparams
      (layerselection 0x010fc_ffffffff)
      (usegerberextensions false)
      (usegerberattributes false)
      (usegerberadvancedattributes false)
      (creategerberjobfile false)
      (excludeedgelayer true)
      (linewidth 0.100000)
      (plotframeref false)
      (viasonmask false)
      (mode 1)
      (useauxorigin false)
      (hpglpennumber 1)
      (hpglpenspeed 20)
      (hpglpendiameter 15.000000)
      (psnegative false)
      (psa4output false)
      (plotreference true)
      (plotvalue true)
      (plotinvisibletext false)
      (padsonsilk false)
      (subtractmaskfromsilk false)
      (outputformat 1)
      (mirror false)
      (drillshape 1)
      (scaleselection 1)
      (outputdirectory ""))
  )

  (net 0 "")
  (net 1 GND)
  (net 2 /CURR_A)
  (net 3 /CURR_B)
  (net 4 /CURR_C)
  (net 5 VCC)
  (net 6 /TEMP)
  (net 7 +VDC)
  (net 8 +5V)
  (net 9 "Net-(C22-Pad2)")
  (net 10 "Net-(C27-Pad2)")
  (net 11 "Net-(C30-Pad2)")
  (net 12 /DRV8301/SH_A)
  (net 13 /DRV8301/SH_B)
  (net 14 "Net-(C31-Pad2)")
  (net 15 "Net-(C32-Pad2)")
  (net 16 /DRV8301/SH_C)
  (net 17 /SENS_SUPPLY)
  (net 18 /SENS_A)
  (net 19 /SENS_B)
  (net 20 /SENS_C)
  (net 21 /INL_C)
  (net 22 /INH_C)
  (net 23 /INL_B)
  (net 24 /INH_B)
  (net 25 /INL_A)
  (net 26 /INH_A)
  (net 27 /EN_GATE)
  (net 28 /FAULT)
  (net 29 /CS)
  (net 30 /SDI)
  (net 31 /SDO)
  (net 32 /SCLK)
  (net 33 "Net-(J2-Pad1)")
  (net 34 "Net-(J4-Pad1)")
  (net 35 "Net-(J5-Pad1)")
  (net 36 "Net-(Q1-PadG)")
  (net 37 "Net-(Q2-PadG)")
  (net 38 "Net-(Q3-PadG)")
  (net 39 "Net-(Q4-PadG)")
  (net 40 "Net-(Q5-PadG)")
  (net 41 "Net-(Q6-PadG)")
  (net 42 /Inverter/C_A)
  (net 43 /Inverter/C_B)
  (net 44 /Inverter/C_C)
  (net 45 /DRV8301/GH_A)
  (net 46 /DRV8301/GL_A)
  (net 47 /DRV8301/GH_B)
  (net 48 /DRV8301/GL_B)
  (net 49 /DRV8301/GH_C)
  (net 50 /DRV8301/GL_C)
  (net 51 /DRV8301/GVDD)
  (net 52 /DRV8301/DVDD)
  (net 53 /DRV8301/CP1)
  (net 54 /DRV8301/CP2)
  (net 55 /DRV8301/COMP)
  (net 56 /DRV8301/AVDD)
  (net 57 /DRV8301/BST_BK)
  (net 58 /DRV8301/PH)
  (net 59 /DRV8301/VSENSE)
  (net 60 /DRV8301/DTC)
  (net 61 /DRV8301/RT_CLK)

  (net_class Default "This is the default net class."
    (clearance 0.2)
    (trace_width 0.25)
    (via_dia 0.8)
    (via_drill 0.4)
    (uvia_dia 0.3)
    (uvia_drill 0.1)
    (add_net +5V)
    (add_net +VDC)
    (add_net /CS)
    (add_net /CURR_A)
    (add_net /CURR_B)
    (add_net /CURR_C)
    (add_net /DRV8301/AVDD)
    (add_net /DRV8301/BST_BK)
    (add_net /DRV8301/COMP)
    (add_net /DRV8301/CP1)
    (add_net /DRV8301/CP2)
    (add_net /DRV8301/DTC)
    (add_net /DRV8301/DVDD)
    (add_net /DRV8301/GH_A)
    (add_net /DRV8301/GH_B)
    (add_net /DRV8301/GH_C)
    (add_net /DRV8301/GL_A)
    (add_net /DRV8301/GL_B)
    (add_net /DRV8301/GL_C)
    (add_net /DRV8301/GVDD)
    (add_net /DRV8301/PH)
    (add_net /DRV8301/RT_CLK)
    (add_net /DRV8301/SH_A)
    (add_net /DRV8301/SH_B)
    (add_net /DRV8301/SH_C)
    (add_net /DRV8301/VSENSE)
    (add_net /EN_GATE)
    (add_net /FAULT)
    (add_net /INH_A)
    (add_net /INH_B)
    (add_net /INH_C)
    (add_net /INL_A)
    (add_net /INL_B)
    (add_net /INL_C)
    (add_net /Inverter/C_A)
    (add_net /Inverter/C_B)
    (add_net /Inverter/C_C)
    (add_net /SCLK)
    (add_net /SDI)
    (add_net /SDO)
    (add_net /SENS_A)
    (add_net /SENS_B)
    (add_net /SENS_C)
    (add_net /SENS_SUPPLY)
    (add_net /TEMP)
    (add_net GND)
    (add_net "Net-(C22-Pad2)")
    (add_net "Net-(C27-Pad2)")
    (add_net "Net-(C30-Pad2)")
    (add_net "Net-(C31-Pad2)")
    (add_net "Net-(C32-Pad2)")
    (add_net "Net-(J2-Pad1)")
    (add_net "Net-(J4-Pad1)")
    (add_net "Net-(J5-Pad1)")
    (add_net "Net-(Q1-PadG)")
    (add_net "Net-(Q2-PadG)")
    (add_net "Net-(Q3-PadG)")
    (add_net "Net-(Q4-PadG)")
    (add_net "Net-(Q5-PadG)")
    (add_net "Net-(Q6-PadG)")
    (add_net VCC)
  )

  (net_class POWER ""
    (clearance 0.5)
    (trace_width 0.5)
    (via_dia 0.8)
    (via_drill 0.4)
    (uvia_dia 0.3)
    (uvia_drill 0.1)
  )

  (module EcoRacerFootprints:InverterConn (layer F.Cu) (tedit 5BDAF5B7) (tstamp 5BE81AAE)
    (at 70 115)
    (path /5BE029F7)
    (fp_text reference J1 (at 0.1 12.2) (layer F.SilkS) hide
      (effects (font (size 1 1) (thickness 0.15)))
    )
    (fp_text value InverterConn (at -0.1 -10.3) (layer F.Fab)
      (effects (font (size 1 1) (thickness 0.15)))
    )
    (fp_line (start 1.2 34.4) (end 1.25 -1) (layer F.SilkS) (width 0.15))
    (fp_line (start -1.55 34.4) (end 1.2 34.4) (layer F.SilkS) (width 0.15))
    (fp_line (start -1.5 -1) (end -1.6 34.4) (layer F.SilkS) (width 0.15))
    (fp_line (start 1.25 -1) (end -1.5 -1) (layer F.SilkS) (width 0.15))
    (fp_line (start 58.5 34.4) (end 58.5 -1.25) (layer F.SilkS) (width 0.15))
    (fp_line (start 61.3 34.4) (end 58.55 34.4) (layer F.SilkS) (width 0.15))
    (fp_line (start 61.25 -1.25) (end 61.3 34.3) (layer F.SilkS) (width 0.15))
    (fp_line (start 58.5 -1.25) (end 61.25 -1.25) (layer F.SilkS) (width 0.15))
    (pad 28 thru_hole circle (at 59.912 0) (size 1.7 1.7) (drill 1) (layers *.Cu *.Mask)
      (net 5 VCC))
    (pad 27 thru_hole circle (at 59.912 2.54) (size 1.7 1.7) (drill 1) (layers *.Cu *.Mask)
      (net 8 +5V))
    (pad 26 thru_hole oval (at 60 5.14) (size 1.7 1.7) (drill 1) (layers *.Cu *.Mask)
      (net 28 /FAULT))
    (pad 25 thru_hole oval (at 60 7.68) (size 1.7 1.7) (drill 1) (layers *.Cu *.Mask)
      (net 29 /CS))
    (pad 24 thru_hole oval (at 60 10.22) (size 1.7 1.7) (drill 1) (layers *.Cu *.Mask)
      (net 30 /SDI))
    (pad 23 thru_hole oval (at 60 12.76) (size 1.7 1.7) (drill 1) (layers *.Cu *.Mask)
      (net 31 /SDO))
    (pad 22 thru_hole oval (at 60 15.3) (size 1.7 1.7) (drill 1) (layers *.Cu *.Mask)
      (net 32 /SCLK))
    (pad 21 thru_hole oval (at 60 17.84) (size 1.7 1.7) (drill 1) (layers *.Cu *.Mask)
      (net 27 /EN_GATE))
    (pad 20 thru_hole oval (at 60 20.32 180) (size 1.7 1.7) (drill 1) (layers *.Cu *.Mask)
      (net 26 /INH_A))
    (pad 19 thru_hole oval (at 60 22.86 180) (size 1.7 1.7) (drill 1) (layers *.Cu *.Mask)
      (net 25 /INL_A))
    (pad 18 thru_hole oval (at 60 25.4 180) (size 1.7 1.7) (drill 1) (layers *.Cu *.Mask)
      (net 24 /INH_B))
    (pad 17 thru_hole oval (at 60 27.94 180) (size 1.7 1.7) (drill 1) (layers *.Cu *.Mask)
      (net 23 /INL_B))
    (pad 16 thru_hole oval (at 60 30.48 180) (size 1.7 1.7) (drill 1) (layers *.Cu *.Mask)
      (net 22 /INH_C))
    (pad 15 thru_hole oval (at 60 33.02 180) (size 1.7 1.7) (drill 1) (layers *.Cu *.Mask)
      (net 21 /INL_C))
    (pad 14 thru_hole oval (at 0 33.02 180) (size 1.7 1.7) (drill 1) (layers *.Cu *.Mask)
      (net 1 GND))
    (pad 13 thru_hole oval (at 0 30.48) (size 1.7 1.7) (drill 1) (layers *.Cu *.Mask)
      (net 1 GND))
    (pad 12 thru_hole oval (at 0 27.94) (size 1.7 1.7) (drill 1) (layers *.Cu *.Mask)
      (net 1 GND))
    (pad 11 thru_hole oval (at 0 25.4) (size 1.7 1.7) (drill 1) (layers *.Cu *.Mask)
      (net 1 GND))
    (pad 10 thru_hole oval (at 0 22.86) (size 1.7 1.7) (drill 1) (layers *.Cu *.Mask)
      (net 1 GND))
    (pad 9 thru_hole oval (at 0 20.32) (size 1.7 1.7) (drill 1) (layers *.Cu *.Mask)
      (net 1 GND))
    (pad 8 thru_hole oval (at 0 17.78) (size 1.7 1.7) (drill 1) (layers *.Cu *.Mask)
      (net 2 /CURR_A))
    (pad 7 thru_hole oval (at 0 15.24) (size 1.7 1.7) (drill 1) (layers *.Cu *.Mask)
      (net 3 /CURR_B))
    (pad 6 thru_hole oval (at 0 12.7) (size 1.7 1.7) (drill 1) (layers *.Cu *.Mask)
      (net 4 /CURR_C))
    (pad 5 thru_hole oval (at 0 10.16) (size 1.7 1.7) (drill 1) (layers *.Cu *.Mask)
      (net 6 /TEMP))
    (pad 4 thru_hole oval (at 0 7.62) (size 1.7 1.7) (drill 1) (layers *.Cu *.Mask)
      (net 18 /SENS_A))
    (pad 3 thru_hole oval (at 0 5.08) (size 1.7 1.7) (drill 1) (layers *.Cu *.Mask)
      (net 19 /SENS_B))
    (pad 2 thru_hole oval (at 0 2.54) (size 1.7 1.7) (drill 1) (layers *.Cu *.Mask)
      (net 20 /SENS_C))
    (pad 1 thru_hole oval (at 0 0) (size 1.7 1.7) (drill 1) (layers *.Cu *.Mask)
      (net 17 /SENS_SUPPLY))
    (model "${ECO3DMOD}/Header Female 1x16.STEP"
      (offset (xyz 0 -19 4.5))
      (scale (xyz 1 1 1))
      (rotate (xyz -90 0 90))
    )
    (model "${ECO3DMOD}/Header Female 1x16.STEP"
      (offset (xyz 60 -19 4.5))
      (scale (xyz 1 1 1))
      (rotate (xyz -90 0 -90))
    )
  )

  (module EcoRacerFootprints:BulletConnector locked (layer F.Cu) (tedit 5BDAC9AF) (tstamp 5BE84674)
    (at 75 54 90)
    (path /5BDB1A56/5BDB92D2)
    (fp_text reference J2 (at -0.2 8.3 90) (layer F.SilkS) hide
      (effects (font (size 1 1) (thickness 0.15)))
    )
    (fp_text value PH_A (at 0.1 -6 90) (layer F.Fab)
      (effects (font (size 1 1) (thickness 0.15)))
    )
    (pad 1 thru_hole rect (at -3 3 90) (size 2 2) (drill 0.8) (layers *.Cu *.Mask)
      (net 33 "Net-(J2-Pad1)"))
    (pad 1 thru_hole rect (at -3 1 90) (size 2 2) (drill 0.8) (layers *.Cu *.Mask)
      (net 33 "Net-(J2-Pad1)"))
    (pad 1 thru_hole rect (at -3 -1 90) (size 2 2) (drill 0.8) (layers *.Cu *.Mask)
      (net 33 "Net-(J2-Pad1)"))
    (pad 1 thru_hole rect (at -3 -3 90) (size 2 2) (drill 0.8) (layers *.Cu *.Mask)
      (net 33 "Net-(J2-Pad1)"))
    (pad 1 thru_hole rect (at 1 -3 90) (size 2 2) (drill 0.8) (layers *.Cu *.Mask)
      (net 33 "Net-(J2-Pad1)"))
    (pad 1 thru_hole rect (at 3 -3 90) (size 2 2) (drill 0.8) (layers *.Cu *.Mask)
      (net 33 "Net-(J2-Pad1)"))
    (pad 1 thru_hole rect (at 3 -1 90) (size 2 2) (drill 0.8) (layers *.Cu *.Mask)
      (net 33 "Net-(J2-Pad1)"))
    (pad 1 thru_hole rect (at 1 -1 90) (size 2 2) (drill 0.8) (layers *.Cu *.Mask)
      (net 33 "Net-(J2-Pad1)"))
    (pad 1 thru_hole rect (at 1 1 90) (size 2 2) (drill 0.8) (layers *.Cu *.Mask)
      (net 33 "Net-(J2-Pad1)"))
    (pad 1 thru_hole rect (at 3 1 90) (size 2 2) (drill 0.8) (layers *.Cu *.Mask)
      (net 33 "Net-(J2-Pad1)"))
    (pad 1 thru_hole rect (at 3 3 90) (size 2 2) (drill 0.8) (layers *.Cu *.Mask)
      (net 33 "Net-(J2-Pad1)"))
    (pad 1 thru_hole rect (at 1 3 90) (size 2 2) (drill 0.8) (layers *.Cu *.Mask)
      (net 33 "Net-(J2-Pad1)"))
    (pad 1 thru_hole rect (at -1 -3 90) (size 2 2) (drill 0.8) (layers *.Cu *.Mask)
      (net 33 "Net-(J2-Pad1)"))
    (pad 1 thru_hole rect (at -1 -1 90) (size 2 2) (drill 0.8) (layers *.Cu *.Mask)
      (net 33 "Net-(J2-Pad1)"))
    (pad 1 thru_hole rect (at -1 1 90) (size 2 2) (drill 0.8) (layers *.Cu *.Mask)
      (net 33 "Net-(J2-Pad1)"))
    (pad 1 thru_hole rect (at -1 3 90) (size 2 2) (drill 0.8) (layers *.Cu *.Mask)
      (net 33 "Net-(J2-Pad1)"))
    (model ${ECO3DMOD}/BulletConnector.STEP
      (at (xyz 0 0 0))
      (scale (xyz 1 1 1))
      (rotate (xyz 180 0 0))
    )
  )

  (module EcoRacerFootprints:BulletConnector locked (layer F.Cu) (tedit 5BDAC9AF) (tstamp 5BE84688)
    (at 100 54 90)
    (path /5BDB1A56/5BDB9376)
    (fp_text reference J4 (at -0.2 8.3 90) (layer F.SilkS) hide
      (effects (font (size 1 1) (thickness 0.15)))
    )
    (fp_text value PH_B (at 0.1 -6 90) (layer F.Fab)
      (effects (font (size 1 1) (thickness 0.15)))
    )
    (pad 1 thru_hole rect (at -3 3 90) (size 2 2) (drill 0.8) (layers *.Cu *.Mask)
      (net 34 "Net-(J4-Pad1)"))
    (pad 1 thru_hole rect (at -3 1 90) (size 2 2) (drill 0.8) (layers *.Cu *.Mask)
      (net 34 "Net-(J4-Pad1)"))
    (pad 1 thru_hole rect (at -3 -1 90) (size 2 2) (drill 0.8) (layers *.Cu *.Mask)
      (net 34 "Net-(J4-Pad1)"))
    (pad 1 thru_hole rect (at -3 -3 90) (size 2 2) (drill 0.8) (layers *.Cu *.Mask)
      (net 34 "Net-(J4-Pad1)"))
    (pad 1 thru_hole rect (at 1 -3 90) (size 2 2) (drill 0.8) (layers *.Cu *.Mask)
      (net 34 "Net-(J4-Pad1)"))
    (pad 1 thru_hole rect (at 3 -3 90) (size 2 2) (drill 0.8) (layers *.Cu *.Mask)
      (net 34 "Net-(J4-Pad1)"))
    (pad 1 thru_hole rect (at 3 -1 90) (size 2 2) (drill 0.8) (layers *.Cu *.Mask)
      (net 34 "Net-(J4-Pad1)"))
    (pad 1 thru_hole rect (at 1 -1 90) (size 2 2) (drill 0.8) (layers *.Cu *.Mask)
      (net 34 "Net-(J4-Pad1)"))
    (pad 1 thru_hole rect (at 1 1 90) (size 2 2) (drill 0.8) (layers *.Cu *.Mask)
      (net 34 "Net-(J4-Pad1)"))
    (pad 1 thru_hole rect (at 3 1 90) (size 2 2) (drill 0.8) (layers *.Cu *.Mask)
      (net 34 "Net-(J4-Pad1)"))
    (pad 1 thru_hole rect (at 3 3 90) (size 2 2) (drill 0.8) (layers *.Cu *.Mask)
      (net 34 "Net-(J4-Pad1)"))
    (pad 1 thru_hole rect (at 1 3 90) (size 2 2) (drill 0.8) (layers *.Cu *.Mask)
      (net 34 "Net-(J4-Pad1)"))
    (pad 1 thru_hole rect (at -1 -3 90) (size 2 2) (drill 0.8) (layers *.Cu *.Mask)
      (net 34 "Net-(J4-Pad1)"))
    (pad 1 thru_hole rect (at -1 -1 90) (size 2 2) (drill 0.8) (layers *.Cu *.Mask)
      (net 34 "Net-(J4-Pad1)"))
    (pad 1 thru_hole rect (at -1 1 90) (size 2 2) (drill 0.8) (layers *.Cu *.Mask)
      (net 34 "Net-(J4-Pad1)"))
    (pad 1 thru_hole rect (at -1 3 90) (size 2 2) (drill 0.8) (layers *.Cu *.Mask)
      (net 34 "Net-(J4-Pad1)"))
    (model ${ECO3DMOD}/BulletConnector.STEP
      (at (xyz 0 0 0))
      (scale (xyz 1 1 1))
      (rotate (xyz 180 0 0))
    )
  )

  (module EcoRacerFootprints:BulletConnector locked (layer F.Cu) (tedit 5BDAC9AF) (tstamp 5BE8469C)
    (at 125 54 90)
    (path /5BDB1A56/5BDB9470)
    (fp_text reference J5 (at -0.2 8.3 90) (layer F.SilkS) hide
      (effects (font (size 1 1) (thickness 0.15)))
    )
    (fp_text value PH_C (at 0.1 -6 90) (layer F.Fab)
      (effects (font (size 1 1) (thickness 0.15)))
    )
    (pad 1 thru_hole rect (at -3 3 90) (size 2 2) (drill 0.8) (layers *.Cu *.Mask)
      (net 35 "Net-(J5-Pad1)"))
    (pad 1 thru_hole rect (at -3 1 90) (size 2 2) (drill 0.8) (layers *.Cu *.Mask)
      (net 35 "Net-(J5-Pad1)"))
    (pad 1 thru_hole rect (at -3 -1 90) (size 2 2) (drill 0.8) (layers *.Cu *.Mask)
      (net 35 "Net-(J5-Pad1)"))
    (pad 1 thru_hole rect (at -3 -3 90) (size 2 2) (drill 0.8) (layers *.Cu *.Mask)
      (net 35 "Net-(J5-Pad1)"))
    (pad 1 thru_hole rect (at 1 -3 90) (size 2 2) (drill 0.8) (layers *.Cu *.Mask)
      (net 35 "Net-(J5-Pad1)"))
    (pad 1 thru_hole rect (at 3 -3 90) (size 2 2) (drill 0.8) (layers *.Cu *.Mask)
      (net 35 "Net-(J5-Pad1)"))
    (pad 1 thru_hole rect (at 3 -1 90) (size 2 2) (drill 0.8) (layers *.Cu *.Mask)
      (net 35 "Net-(J5-Pad1)"))
    (pad 1 thru_hole rect (at 1 -1 90) (size 2 2) (drill 0.8) (layers *.Cu *.Mask)
      (net 35 "Net-(J5-Pad1)"))
    (pad 1 thru_hole rect (at 1 1 90) (size 2 2) (drill 0.8) (layers *.Cu *.Mask)
      (net 35 "Net-(J5-Pad1)"))
    (pad 1 thru_hole rect (at 3 1 90) (size 2 2) (drill 0.8) (layers *.Cu *.Mask)
      (net 35 "Net-(J5-Pad1)"))
    (pad 1 thru_hole rect (at 3 3 90) (size 2 2) (drill 0.8) (layers *.Cu *.Mask)
      (net 35 "Net-(J5-Pad1)"))
    (pad 1 thru_hole rect (at 1 3 90) (size 2 2) (drill 0.8) (layers *.Cu *.Mask)
      (net 35 "Net-(J5-Pad1)"))
    (pad 1 thru_hole rect (at -1 -3 90) (size 2 2) (drill 0.8) (layers *.Cu *.Mask)
      (net 35 "Net-(J5-Pad1)"))
    (pad 1 thru_hole rect (at -1 -1 90) (size 2 2) (drill 0.8) (layers *.Cu *.Mask)
      (net 35 "Net-(J5-Pad1)"))
    (pad 1 thru_hole rect (at -1 1 90) (size 2 2) (drill 0.8) (layers *.Cu *.Mask)
      (net 35 "Net-(J5-Pad1)"))
    (pad 1 thru_hole rect (at -1 3 90) (size 2 2) (drill 0.8) (layers *.Cu *.Mask)
      (net 35 "Net-(J5-Pad1)"))
    (model ${ECO3DMOD}/BulletConnector.STEP
      (at (xyz 0 0 0))
      (scale (xyz 1 1 1))
      (rotate (xyz 180 0 0))
    )
  )

  (module Capacitor_SMD:C_0805_2012Metric (layer F.Cu) (tedit 5B36C52B) (tstamp 5BE7C078)
    (at 53.9 126.86 180)
    (descr "Capacitor SMD 0805 (2012 Metric), square (rectangular) end terminal, IPC_7351 nominal, (Body size source: https://docs.google.com/spreadsheets/d/1BsfQQcO9C6DZCsRaXUlFlo91Tg2WpOkGARC1WS5S8t0/edit?usp=sharing), generated with kicad-footprint-generator")
    (tags capacitor)
    (path /5BDB1A56/5BDC96D3)
    (attr smd)
    (fp_text reference C1 (at -2.86 -0.11 180) (layer F.SilkS)
      (effects (font (size 1 1) (thickness 0.15)))
    )
    (fp_text value 4.7nF (at 0 1.65 180) (layer F.Fab)
      (effects (font (size 1 1) (thickness 0.15)))
    )
    (fp_line (start -1 0.6) (end -1 -0.6) (layer F.Fab) (width 0.1))
    (fp_line (start -1 -0.6) (end 1 -0.6) (layer F.Fab) (width 0.1))
    (fp_line (start 1 -0.6) (end 1 0.6) (layer F.Fab) (width 0.1))
    (fp_line (start 1 0.6) (end -1 0.6) (layer F.Fab) (width 0.1))
    (fp_line (start -0.258578 -0.71) (end 0.258578 -0.71) (layer F.SilkS) (width 0.12))
    (fp_line (start -0.258578 0.71) (end 0.258578 0.71) (layer F.SilkS) (width 0.12))
    (fp_line (start -1.68 0.95) (end -1.68 -0.95) (layer F.CrtYd) (width 0.05))
    (fp_line (start -1.68 -0.95) (end 1.68 -0.95) (layer F.CrtYd) (width 0.05))
    (fp_line (start 1.68 -0.95) (end 1.68 0.95) (layer F.CrtYd) (width 0.05))
    (fp_line (start 1.68 0.95) (end -1.68 0.95) (layer F.CrtYd) (width 0.05))
    (fp_text user %R (at 0 0 180) (layer F.Fab)
      (effects (font (size 0.5 0.5) (thickness 0.08)))
    )
    (pad 1 smd roundrect (at -0.9375 0 180) (size 0.975 1.4) (layers F.Cu F.Paste F.Mask) (roundrect_rratio 0.25)
      (net 2 /CURR_A))
    (pad 2 smd roundrect (at 0.9375 0 180) (size 0.975 1.4) (layers F.Cu F.Paste F.Mask) (roundrect_rratio 0.25)
      (net 1 GND))
    (model ${KISYS3DMOD}/Capacitor_SMD.3dshapes/C_0805_2012Metric.wrl
      (at (xyz 0 0 0))
      (scale (xyz 1 1 1))
      (rotate (xyz 0 0 0))
    )
  )

  (module Capacitor_SMD:C_0805_2012Metric (layer F.Cu) (tedit 5B36C52B) (tstamp 5BE7C089)
    (at 53.9 122.04 180)
    (descr "Capacitor SMD 0805 (2012 Metric), square (rectangular) end terminal, IPC_7351 nominal, (Body size source: https://docs.google.com/spreadsheets/d/1BsfQQcO9C6DZCsRaXUlFlo91Tg2WpOkGARC1WS5S8t0/edit?usp=sharing), generated with kicad-footprint-generator")
    (tags capacitor)
    (path /5BDB1A56/5BDCAF3F)
    (attr smd)
    (fp_text reference C2 (at -2.86 -0.14 180) (layer F.SilkS)
      (effects (font (size 1 1) (thickness 0.15)))
    )
    (fp_text value 4.7nF (at 0 1.65 180) (layer F.Fab)
      (effects (font (size 1 1) (thickness 0.15)))
    )
    (fp_text user %R (at 0 0 180) (layer F.Fab)
      (effects (font (size 0.5 0.5) (thickness 0.08)))
    )
    (fp_line (start 1.68 0.95) (end -1.68 0.95) (layer F.CrtYd) (width 0.05))
    (fp_line (start 1.68 -0.95) (end 1.68 0.95) (layer F.CrtYd) (width 0.05))
    (fp_line (start -1.68 -0.95) (end 1.68 -0.95) (layer F.CrtYd) (width 0.05))
    (fp_line (start -1.68 0.95) (end -1.68 -0.95) (layer F.CrtYd) (width 0.05))
    (fp_line (start -0.258578 0.71) (end 0.258578 0.71) (layer F.SilkS) (width 0.12))
    (fp_line (start -0.258578 -0.71) (end 0.258578 -0.71) (layer F.SilkS) (width 0.12))
    (fp_line (start 1 0.6) (end -1 0.6) (layer F.Fab) (width 0.1))
    (fp_line (start 1 -0.6) (end 1 0.6) (layer F.Fab) (width 0.1))
    (fp_line (start -1 -0.6) (end 1 -0.6) (layer F.Fab) (width 0.1))
    (fp_line (start -1 0.6) (end -1 -0.6) (layer F.Fab) (width 0.1))
    (pad 2 smd roundrect (at 0.9375 0 180) (size 0.975 1.4) (layers F.Cu F.Paste F.Mask) (roundrect_rratio 0.25)
      (net 1 GND))
    (pad 1 smd roundrect (at -0.9375 0 180) (size 0.975 1.4) (layers F.Cu F.Paste F.Mask) (roundrect_rratio 0.25)
      (net 3 /CURR_B))
    (model ${KISYS3DMOD}/Capacitor_SMD.3dshapes/C_0805_2012Metric.wrl
      (at (xyz 0 0 0))
      (scale (xyz 1 1 1))
      (rotate (xyz 0 0 0))
    )
  )

  (module Capacitor_SMD:C_0805_2012Metric (layer F.Cu) (tedit 5B36C52B) (tstamp 5BE7C09A)
    (at 53.9 117.21 180)
    (descr "Capacitor SMD 0805 (2012 Metric), square (rectangular) end terminal, IPC_7351 nominal, (Body size source: https://docs.google.com/spreadsheets/d/1BsfQQcO9C6DZCsRaXUlFlo91Tg2WpOkGARC1WS5S8t0/edit?usp=sharing), generated with kicad-footprint-generator")
    (tags capacitor)
    (path /5BDB1A56/5BDCC273)
    (attr smd)
    (fp_text reference C3 (at -2.91 0.04 180) (layer F.SilkS)
      (effects (font (size 1 1) (thickness 0.15)))
    )
    (fp_text value 4.7nF (at 0 1.65 180) (layer F.Fab)
      (effects (font (size 1 1) (thickness 0.15)))
    )
    (fp_line (start -1 0.6) (end -1 -0.6) (layer F.Fab) (width 0.1))
    (fp_line (start -1 -0.6) (end 1 -0.6) (layer F.Fab) (width 0.1))
    (fp_line (start 1 -0.6) (end 1 0.6) (layer F.Fab) (width 0.1))
    (fp_line (start 1 0.6) (end -1 0.6) (layer F.Fab) (width 0.1))
    (fp_line (start -0.258578 -0.71) (end 0.258578 -0.71) (layer F.SilkS) (width 0.12))
    (fp_line (start -0.258578 0.71) (end 0.258578 0.71) (layer F.SilkS) (width 0.12))
    (fp_line (start -1.68 0.95) (end -1.68 -0.95) (layer F.CrtYd) (width 0.05))
    (fp_line (start -1.68 -0.95) (end 1.68 -0.95) (layer F.CrtYd) (width 0.05))
    (fp_line (start 1.68 -0.95) (end 1.68 0.95) (layer F.CrtYd) (width 0.05))
    (fp_line (start 1.68 0.95) (end -1.68 0.95) (layer F.CrtYd) (width 0.05))
    (fp_text user %R (at 0 0 180) (layer F.Fab)
      (effects (font (size 0.5 0.5) (thickness 0.08)))
    )
    (pad 1 smd roundrect (at -0.9375 0 180) (size 0.975 1.4) (layers F.Cu F.Paste F.Mask) (roundrect_rratio 0.25)
      (net 4 /CURR_C))
    (pad 2 smd roundrect (at 0.9375 0 180) (size 0.975 1.4) (layers F.Cu F.Paste F.Mask) (roundrect_rratio 0.25)
      (net 1 GND))
    (model ${KISYS3DMOD}/Capacitor_SMD.3dshapes/C_0805_2012Metric.wrl
      (at (xyz 0 0 0))
      (scale (xyz 1 1 1))
      (rotate (xyz 0 0 0))
    )
  )

  (module Capacitor_SMD:C_0805_2012Metric (layer F.Cu) (tedit 5B36C52B) (tstamp 5BE7C0AB)
    (at 60.95 80.77 90)
    (descr "Capacitor SMD 0805 (2012 Metric), square (rectangular) end terminal, IPC_7351 nominal, (Body size source: https://docs.google.com/spreadsheets/d/1BsfQQcO9C6DZCsRaXUlFlo91Tg2WpOkGARC1WS5S8t0/edit?usp=sharing), generated with kicad-footprint-generator")
    (tags capacitor)
    (path /5BDB1A56/5BDC2990)
    (attr smd)
    (fp_text reference C4 (at 0 -1.65 90) (layer F.SilkS)
      (effects (font (size 1 1) (thickness 0.15)))
    )
    (fp_text value 100nF (at 0 1.65 90) (layer F.Fab)
      (effects (font (size 1 1) (thickness 0.15)))
    )
    (fp_text user %R (at 0 0 90) (layer F.Fab)
      (effects (font (size 0.5 0.5) (thickness 0.08)))
    )
    (fp_line (start 1.68 0.95) (end -1.68 0.95) (layer F.CrtYd) (width 0.05))
    (fp_line (start 1.68 -0.95) (end 1.68 0.95) (layer F.CrtYd) (width 0.05))
    (fp_line (start -1.68 -0.95) (end 1.68 -0.95) (layer F.CrtYd) (width 0.05))
    (fp_line (start -1.68 0.95) (end -1.68 -0.95) (layer F.CrtYd) (width 0.05))
    (fp_line (start -0.258578 0.71) (end 0.258578 0.71) (layer F.SilkS) (width 0.12))
    (fp_line (start -0.258578 -0.71) (end 0.258578 -0.71) (layer F.SilkS) (width 0.12))
    (fp_line (start 1 0.6) (end -1 0.6) (layer F.Fab) (width 0.1))
    (fp_line (start 1 -0.6) (end 1 0.6) (layer F.Fab) (width 0.1))
    (fp_line (start -1 -0.6) (end 1 -0.6) (layer F.Fab) (width 0.1))
    (fp_line (start -1 0.6) (end -1 -0.6) (layer F.Fab) (width 0.1))
    (pad 2 smd roundrect (at 0.9375 0 90) (size 0.975 1.4) (layers F.Cu F.Paste F.Mask) (roundrect_rratio 0.25)
      (net 1 GND))
    (pad 1 smd roundrect (at -0.9375 0 90) (size 0.975 1.4) (layers F.Cu F.Paste F.Mask) (roundrect_rratio 0.25)
      (net 5 VCC))
    (model ${KISYS3DMOD}/Capacitor_SMD.3dshapes/C_0805_2012Metric.wrl
      (at (xyz 0 0 0))
      (scale (xyz 1 1 1))
      (rotate (xyz 0 0 0))
    )
  )

  (module Capacitor_SMD:C_0805_2012Metric (layer F.Cu) (tedit 5B36C52B) (tstamp 5BE7C0BC)
    (at 61.83 88.76)
    (descr "Capacitor SMD 0805 (2012 Metric), square (rectangular) end terminal, IPC_7351 nominal, (Body size source: https://docs.google.com/spreadsheets/d/1BsfQQcO9C6DZCsRaXUlFlo91Tg2WpOkGARC1WS5S8t0/edit?usp=sharing), generated with kicad-footprint-generator")
    (tags capacitor)
    (path /5BDB1A56/5BDCF2CE)
    (attr smd)
    (fp_text reference C5 (at -2.648 0.14) (layer F.SilkS)
      (effects (font (size 1 1) (thickness 0.15)))
    )
    (fp_text value 2.2uF (at 0 1.65) (layer F.Fab)
      (effects (font (size 1 1) (thickness 0.15)))
    )
    (fp_text user %R (at 0 0) (layer F.Fab)
      (effects (font (size 0.5 0.5) (thickness 0.08)))
    )
    (fp_line (start 1.68 0.95) (end -1.68 0.95) (layer F.CrtYd) (width 0.05))
    (fp_line (start 1.68 -0.95) (end 1.68 0.95) (layer F.CrtYd) (width 0.05))
    (fp_line (start -1.68 -0.95) (end 1.68 -0.95) (layer F.CrtYd) (width 0.05))
    (fp_line (start -1.68 0.95) (end -1.68 -0.95) (layer F.CrtYd) (width 0.05))
    (fp_line (start -0.258578 0.71) (end 0.258578 0.71) (layer F.SilkS) (width 0.12))
    (fp_line (start -0.258578 -0.71) (end 0.258578 -0.71) (layer F.SilkS) (width 0.12))
    (fp_line (start 1 0.6) (end -1 0.6) (layer F.Fab) (width 0.1))
    (fp_line (start 1 -0.6) (end 1 0.6) (layer F.Fab) (width 0.1))
    (fp_line (start -1 -0.6) (end 1 -0.6) (layer F.Fab) (width 0.1))
    (fp_line (start -1 0.6) (end -1 -0.6) (layer F.Fab) (width 0.1))
    (pad 2 smd roundrect (at 0.9375 0) (size 0.975 1.4) (layers F.Cu F.Paste F.Mask) (roundrect_rratio 0.25)
      (net 1 GND))
    (pad 1 smd roundrect (at -0.9375 0) (size 0.975 1.4) (layers F.Cu F.Paste F.Mask) (roundrect_rratio 0.25)
      (net 6 /TEMP))
    (model ${KISYS3DMOD}/Capacitor_SMD.3dshapes/C_0805_2012Metric.wrl
      (at (xyz 0 0 0))
      (scale (xyz 1 1 1))
      (rotate (xyz 0 0 0))
    )
  )

  (module Capacitor_SMD:C_1210_3225Metric (layer F.Cu) (tedit 5B301BBE) (tstamp 5BE7C0CD)
    (at 73.41 85.37)
    (descr "Capacitor SMD 1210 (3225 Metric), square (rectangular) end terminal, IPC_7351 nominal, (Body size source: http://www.tortai-tech.com/upload/download/2011102023233369053.pdf), generated with kicad-footprint-generator")
    (tags capacitor)
    (path /5BDB1A56/5BDB6127)
    (attr smd)
    (fp_text reference C6 (at -3.306 -0.026) (layer F.SilkS)
      (effects (font (size 1 1) (thickness 0.15)))
    )
    (fp_text value "4.7uF 100V" (at 0 2.28) (layer F.Fab)
      (effects (font (size 1 1) (thickness 0.15)))
    )
    (fp_line (start -1.6 1.25) (end -1.6 -1.25) (layer F.Fab) (width 0.1))
    (fp_line (start -1.6 -1.25) (end 1.6 -1.25) (layer F.Fab) (width 0.1))
    (fp_line (start 1.6 -1.25) (end 1.6 1.25) (layer F.Fab) (width 0.1))
    (fp_line (start 1.6 1.25) (end -1.6 1.25) (layer F.Fab) (width 0.1))
    (fp_line (start -0.602064 -1.36) (end 0.602064 -1.36) (layer F.SilkS) (width 0.12))
    (fp_line (start -0.602064 1.36) (end 0.602064 1.36) (layer F.SilkS) (width 0.12))
    (fp_line (start -2.28 1.58) (end -2.28 -1.58) (layer F.CrtYd) (width 0.05))
    (fp_line (start -2.28 -1.58) (end 2.28 -1.58) (layer F.CrtYd) (width 0.05))
    (fp_line (start 2.28 -1.58) (end 2.28 1.58) (layer F.CrtYd) (width 0.05))
    (fp_line (start 2.28 1.58) (end -2.28 1.58) (layer F.CrtYd) (width 0.05))
    (fp_text user %R (at 0 0) (layer F.Fab)
      (effects (font (size 0.8 0.8) (thickness 0.12)))
    )
    (pad 1 smd roundrect (at -1.4 0) (size 1.25 2.65) (layers F.Cu F.Paste F.Mask) (roundrect_rratio 0.2)
      (net 1 GND))
    (pad 2 smd roundrect (at 1.4 0) (size 1.25 2.65) (layers F.Cu F.Paste F.Mask) (roundrect_rratio 0.2)
      (net 7 +VDC))
    (model ${KISYS3DMOD}/Capacitor_SMD.3dshapes/C_1210_3225Metric.wrl
      (at (xyz 0 0 0))
      (scale (xyz 1 1 1))
      (rotate (xyz 0 0 0))
    )
  )

  (module Capacitor_SMD:C_1210_3225Metric (layer F.Cu) (tedit 5B301BBE) (tstamp 5BE7C0DE)
    (at 121.38 85.382 180)
    (descr "Capacitor SMD 1210 (3225 Metric), square (rectangular) end terminal, IPC_7351 nominal, (Body size source: http://www.tortai-tech.com/upload/download/2011102023233369053.pdf), generated with kicad-footprint-generator")
    (tags capacitor)
    (path /5BDB1A56/5BDB6326)
    (attr smd)
    (fp_text reference C7 (at 3.27 -0.216 180) (layer F.SilkS)
      (effects (font (size 1 1) (thickness 0.15)))
    )
    (fp_text value "4.7uF 100V" (at 0 2.28 180) (layer F.Fab)
      (effects (font (size 1 1) (thickness 0.15)))
    )
    (fp_text user %R (at 0 0 180) (layer F.Fab)
      (effects (font (size 0.8 0.8) (thickness 0.12)))
    )
    (fp_line (start 2.28 1.58) (end -2.28 1.58) (layer F.CrtYd) (width 0.05))
    (fp_line (start 2.28 -1.58) (end 2.28 1.58) (layer F.CrtYd) (width 0.05))
    (fp_line (start -2.28 -1.58) (end 2.28 -1.58) (layer F.CrtYd) (width 0.05))
    (fp_line (start -2.28 1.58) (end -2.28 -1.58) (layer F.CrtYd) (width 0.05))
    (fp_line (start -0.602064 1.36) (end 0.602064 1.36) (layer F.SilkS) (width 0.12))
    (fp_line (start -0.602064 -1.36) (end 0.602064 -1.36) (layer F.SilkS) (width 0.12))
    (fp_line (start 1.6 1.25) (end -1.6 1.25) (layer F.Fab) (width 0.1))
    (fp_line (start 1.6 -1.25) (end 1.6 1.25) (layer F.Fab) (width 0.1))
    (fp_line (start -1.6 -1.25) (end 1.6 -1.25) (layer F.Fab) (width 0.1))
    (fp_line (start -1.6 1.25) (end -1.6 -1.25) (layer F.Fab) (width 0.1))
    (pad 2 smd roundrect (at 1.4 0 180) (size 1.25 2.65) (layers F.Cu F.Paste F.Mask) (roundrect_rratio 0.2)
      (net 1 GND))
    (pad 1 smd roundrect (at -1.4 0 180) (size 1.25 2.65) (layers F.Cu F.Paste F.Mask) (roundrect_rratio 0.2)
      (net 7 +VDC))
    (model ${KISYS3DMOD}/Capacitor_SMD.3dshapes/C_1210_3225Metric.wrl
      (at (xyz 0 0 0))
      (scale (xyz 1 1 1))
      (rotate (xyz 0 0 0))
    )
  )

  (module Capacitor_SMD:C_1210_3225Metric (layer F.Cu) (tedit 5B301BBE) (tstamp 5BE7C0EF)
    (at 73.41 88.62 180)
    (descr "Capacitor SMD 1210 (3225 Metric), square (rectangular) end terminal, IPC_7351 nominal, (Body size source: http://www.tortai-tech.com/upload/download/2011102023233369053.pdf), generated with kicad-footprint-generator")
    (tags capacitor)
    (path /5BDB1A56/5BDB64B0)
    (attr smd)
    (fp_text reference C8 (at 3.56 -0.026 180) (layer F.SilkS)
      (effects (font (size 1 1) (thickness 0.15)))
    )
    (fp_text value "4.7uF 100V" (at 0 2.28 180) (layer F.Fab)
      (effects (font (size 1 1) (thickness 0.15)))
    )
    (fp_line (start -1.6 1.25) (end -1.6 -1.25) (layer F.Fab) (width 0.1))
    (fp_line (start -1.6 -1.25) (end 1.6 -1.25) (layer F.Fab) (width 0.1))
    (fp_line (start 1.6 -1.25) (end 1.6 1.25) (layer F.Fab) (width 0.1))
    (fp_line (start 1.6 1.25) (end -1.6 1.25) (layer F.Fab) (width 0.1))
    (fp_line (start -0.602064 -1.36) (end 0.602064 -1.36) (layer F.SilkS) (width 0.12))
    (fp_line (start -0.602064 1.36) (end 0.602064 1.36) (layer F.SilkS) (width 0.12))
    (fp_line (start -2.28 1.58) (end -2.28 -1.58) (layer F.CrtYd) (width 0.05))
    (fp_line (start -2.28 -1.58) (end 2.28 -1.58) (layer F.CrtYd) (width 0.05))
    (fp_line (start 2.28 -1.58) (end 2.28 1.58) (layer F.CrtYd) (width 0.05))
    (fp_line (start 2.28 1.58) (end -2.28 1.58) (layer F.CrtYd) (width 0.05))
    (fp_text user %R (at 0 0 180) (layer F.Fab)
      (effects (font (size 0.8 0.8) (thickness 0.12)))
    )
    (pad 1 smd roundrect (at -1.4 0 180) (size 1.25 2.65) (layers F.Cu F.Paste F.Mask) (roundrect_rratio 0.2)
      (net 7 +VDC))
    (pad 2 smd roundrect (at 1.4 0 180) (size 1.25 2.65) (layers F.Cu F.Paste F.Mask) (roundrect_rratio 0.2)
      (net 1 GND))
    (model ${KISYS3DMOD}/Capacitor_SMD.3dshapes/C_1210_3225Metric.wrl
      (at (xyz 0 0 0))
      (scale (xyz 1 1 1))
      (rotate (xyz 0 0 0))
    )
  )

  (module Capacitor_SMD:C_1210_3225Metric (layer F.Cu) (tedit 5B301BBE) (tstamp 5BE7C100)
    (at 121.38 88.582 180)
    (descr "Capacitor SMD 1210 (3225 Metric), square (rectangular) end terminal, IPC_7351 nominal, (Body size source: http://www.tortai-tech.com/upload/download/2011102023233369053.pdf), generated with kicad-footprint-generator")
    (tags capacitor)
    (path /5BDB1A56/5BDB64B7)
    (attr smd)
    (fp_text reference C9 (at 3.27 0.19 180) (layer F.SilkS)
      (effects (font (size 1 1) (thickness 0.15)))
    )
    (fp_text value "4.7uF 100V" (at 0 2.28 180) (layer F.Fab)
      (effects (font (size 1 1) (thickness 0.15)))
    )
    (fp_line (start -1.6 1.25) (end -1.6 -1.25) (layer F.Fab) (width 0.1))
    (fp_line (start -1.6 -1.25) (end 1.6 -1.25) (layer F.Fab) (width 0.1))
    (fp_line (start 1.6 -1.25) (end 1.6 1.25) (layer F.Fab) (width 0.1))
    (fp_line (start 1.6 1.25) (end -1.6 1.25) (layer F.Fab) (width 0.1))
    (fp_line (start -0.602064 -1.36) (end 0.602064 -1.36) (layer F.SilkS) (width 0.12))
    (fp_line (start -0.602064 1.36) (end 0.602064 1.36) (layer F.SilkS) (width 0.12))
    (fp_line (start -2.28 1.58) (end -2.28 -1.58) (layer F.CrtYd) (width 0.05))
    (fp_line (start -2.28 -1.58) (end 2.28 -1.58) (layer F.CrtYd) (width 0.05))
    (fp_line (start 2.28 -1.58) (end 2.28 1.58) (layer F.CrtYd) (width 0.05))
    (fp_line (start 2.28 1.58) (end -2.28 1.58) (layer F.CrtYd) (width 0.05))
    (fp_text user %R (at 0 0 180) (layer F.Fab)
      (effects (font (size 0.8 0.8) (thickness 0.12)))
    )
    (pad 1 smd roundrect (at -1.4 0 180) (size 1.25 2.65) (layers F.Cu F.Paste F.Mask) (roundrect_rratio 0.2)
      (net 7 +VDC))
    (pad 2 smd roundrect (at 1.4 0 180) (size 1.25 2.65) (layers F.Cu F.Paste F.Mask) (roundrect_rratio 0.2)
      (net 1 GND))
    (model ${KISYS3DMOD}/Capacitor_SMD.3dshapes/C_1210_3225Metric.wrl
      (at (xyz 0 0 0))
      (scale (xyz 1 1 1))
      (rotate (xyz 0 0 0))
    )
  )

  (module Capacitor_SMD:C_1210_3225Metric (layer F.Cu) (tedit 5B301BBE) (tstamp 5BE7C111)
    (at 97.35 85.392 180)
    (descr "Capacitor SMD 1210 (3225 Metric), square (rectangular) end terminal, IPC_7351 nominal, (Body size source: http://www.tortai-tech.com/upload/download/2011102023233369053.pdf), generated with kicad-footprint-generator")
    (tags capacitor)
    (path /5BDB1A56/5BDB66A7)
    (attr smd)
    (fp_text reference C10 (at 3.878 0.048 180) (layer F.SilkS)
      (effects (font (size 1 1) (thickness 0.15)))
    )
    (fp_text value "4.7uF 100V" (at 0 2.28 180) (layer F.Fab)
      (effects (font (size 1 1) (thickness 0.15)))
    )
    (fp_text user %R (at 0 0 180) (layer F.Fab)
      (effects (font (size 0.8 0.8) (thickness 0.12)))
    )
    (fp_line (start 2.28 1.58) (end -2.28 1.58) (layer F.CrtYd) (width 0.05))
    (fp_line (start 2.28 -1.58) (end 2.28 1.58) (layer F.CrtYd) (width 0.05))
    (fp_line (start -2.28 -1.58) (end 2.28 -1.58) (layer F.CrtYd) (width 0.05))
    (fp_line (start -2.28 1.58) (end -2.28 -1.58) (layer F.CrtYd) (width 0.05))
    (fp_line (start -0.602064 1.36) (end 0.602064 1.36) (layer F.SilkS) (width 0.12))
    (fp_line (start -0.602064 -1.36) (end 0.602064 -1.36) (layer F.SilkS) (width 0.12))
    (fp_line (start 1.6 1.25) (end -1.6 1.25) (layer F.Fab) (width 0.1))
    (fp_line (start 1.6 -1.25) (end 1.6 1.25) (layer F.Fab) (width 0.1))
    (fp_line (start -1.6 -1.25) (end 1.6 -1.25) (layer F.Fab) (width 0.1))
    (fp_line (start -1.6 1.25) (end -1.6 -1.25) (layer F.Fab) (width 0.1))
    (pad 2 smd roundrect (at 1.4 0 180) (size 1.25 2.65) (layers F.Cu F.Paste F.Mask) (roundrect_rratio 0.2)
      (net 1 GND))
    (pad 1 smd roundrect (at -1.4 0 180) (size 1.25 2.65) (layers F.Cu F.Paste F.Mask) (roundrect_rratio 0.2)
      (net 7 +VDC))
    (model ${KISYS3DMOD}/Capacitor_SMD.3dshapes/C_1210_3225Metric.wrl
      (at (xyz 0 0 0))
      (scale (xyz 1 1 1))
      (rotate (xyz 0 0 0))
    )
  )

  (module Capacitor_SMD:C_1210_3225Metric (layer F.Cu) (tedit 5B301BBE) (tstamp 5BE7C122)
    (at 97.35 88.592 180)
    (descr "Capacitor SMD 1210 (3225 Metric), square (rectangular) end terminal, IPC_7351 nominal, (Body size source: http://www.tortai-tech.com/upload/download/2011102023233369053.pdf), generated with kicad-footprint-generator")
    (tags capacitor)
    (path /5BDB1A56/5BDB66A0)
    (attr smd)
    (fp_text reference C11 (at 3.624 0.2 180) (layer F.SilkS)
      (effects (font (size 1 1) (thickness 0.15)))
    )
    (fp_text value "4.7uF 100V" (at 0 2.28 180) (layer F.Fab)
      (effects (font (size 1 1) (thickness 0.15)))
    )
    (fp_text user %R (at 0 0 180) (layer F.Fab)
      (effects (font (size 0.8 0.8) (thickness 0.12)))
    )
    (fp_line (start 2.28 1.58) (end -2.28 1.58) (layer F.CrtYd) (width 0.05))
    (fp_line (start 2.28 -1.58) (end 2.28 1.58) (layer F.CrtYd) (width 0.05))
    (fp_line (start -2.28 -1.58) (end 2.28 -1.58) (layer F.CrtYd) (width 0.05))
    (fp_line (start -2.28 1.58) (end -2.28 -1.58) (layer F.CrtYd) (width 0.05))
    (fp_line (start -0.602064 1.36) (end 0.602064 1.36) (layer F.SilkS) (width 0.12))
    (fp_line (start -0.602064 -1.36) (end 0.602064 -1.36) (layer F.SilkS) (width 0.12))
    (fp_line (start 1.6 1.25) (end -1.6 1.25) (layer F.Fab) (width 0.1))
    (fp_line (start 1.6 -1.25) (end 1.6 1.25) (layer F.Fab) (width 0.1))
    (fp_line (start -1.6 -1.25) (end 1.6 -1.25) (layer F.Fab) (width 0.1))
    (fp_line (start -1.6 1.25) (end -1.6 -1.25) (layer F.Fab) (width 0.1))
    (pad 2 smd roundrect (at 1.4 0 180) (size 1.25 2.65) (layers F.Cu F.Paste F.Mask) (roundrect_rratio 0.2)
      (net 1 GND))
    (pad 1 smd roundrect (at -1.4 0 180) (size 1.25 2.65) (layers F.Cu F.Paste F.Mask) (roundrect_rratio 0.2)
      (net 7 +VDC))
    (model ${KISYS3DMOD}/Capacitor_SMD.3dshapes/C_1210_3225Metric.wrl
      (at (xyz 0 0 0))
      (scale (xyz 1 1 1))
      (rotate (xyz 0 0 0))
    )
  )

  (module Capacitor_SMD:C_0805_2012Metric (layer F.Cu) (tedit 5B36C52B) (tstamp 5BE7C133)
    (at 60.95 75.9 90)
    (descr "Capacitor SMD 0805 (2012 Metric), square (rectangular) end terminal, IPC_7351 nominal, (Body size source: https://docs.google.com/spreadsheets/d/1BsfQQcO9C6DZCsRaXUlFlo91Tg2WpOkGARC1WS5S8t0/edit?usp=sharing), generated with kicad-footprint-generator")
    (tags capacitor)
    (path /5BDB1A56/5BDC1869)
    (attr smd)
    (fp_text reference C12 (at 0 -1.514 90) (layer F.SilkS)
      (effects (font (size 1 1) (thickness 0.15)))
    )
    (fp_text value 100nF (at 0 1.65 90) (layer F.Fab)
      (effects (font (size 1 1) (thickness 0.15)))
    )
    (fp_line (start -1 0.6) (end -1 -0.6) (layer F.Fab) (width 0.1))
    (fp_line (start -1 -0.6) (end 1 -0.6) (layer F.Fab) (width 0.1))
    (fp_line (start 1 -0.6) (end 1 0.6) (layer F.Fab) (width 0.1))
    (fp_line (start 1 0.6) (end -1 0.6) (layer F.Fab) (width 0.1))
    (fp_line (start -0.258578 -0.71) (end 0.258578 -0.71) (layer F.SilkS) (width 0.12))
    (fp_line (start -0.258578 0.71) (end 0.258578 0.71) (layer F.SilkS) (width 0.12))
    (fp_line (start -1.68 0.95) (end -1.68 -0.95) (layer F.CrtYd) (width 0.05))
    (fp_line (start -1.68 -0.95) (end 1.68 -0.95) (layer F.CrtYd) (width 0.05))
    (fp_line (start 1.68 -0.95) (end 1.68 0.95) (layer F.CrtYd) (width 0.05))
